%%MatrixMarket matrix coordinate real general
216 216 4374
1 1  5.3700828930936e-04
2 1 -4.4444444445800e-04
3 1  1.3072402743171e-04
4 1 -2.2222222232970e-04
6 1 -9.2563844479213e-05
8 1  9.1498194832312e-05
24 1 -1.0130465299141e-04
25 1  1.4976099703622e-05
26 1 -1.4976099676257e-05
30 1  2.9952199407244e-06
31 1  1.1111111113858e-04
36 1 -9.8064581800026e-06
38 1 -2.9952199352515e-06
1 2 -4.4444444445800e-04
2 2  5.0365770708772e-03
3 2 -2.2222222232970e-04
4 2  3.1380666128086e-04
6 2 -5.1863351149988e-04
8 2 -8.1043722393691e-04
24 2  1.1111111113858e-04
25 2  1.1980879751952e-04
26 2  1.7971319622455e-04
30 2  2.3961759503905e-05
31 2 -7.3198555868159e-04
36 2  2.6144805505011e-04
38 2  3.5942639244910e-05
1 3  1.3072402743171e-04
2 3 -2.2222222232970e-04
3 3  2.0042626001352e-03
4 3 -1.7777777779371e-03
6 3  9.1498194832317e-05
8 3 -2.2648482097226e-04
24 3  1.3072402743171e-04
25 3 -1.1980879762898e-05
26 3  1.1980879741006e-05
30 3  1.1980879762897e-05
31 3 -2.2222222232970e-04
36 3  9.1498194832314e-05
38 3 -1.1980879741006e-05
1 4 -2.2222222232970e-04
2 4  3.1380666128086e-04
3 4 -1.7777777779371e-03
4 4  1.7845979371344e-02
6 4 -8.1043722393694e-04
8 4 -2.6496162736728e-03
24 4 -2.2222222232969e-04
25 4 -9.5847038015615e-05
26 4 -1.4377055697964e-04
30 4  9.5847038015615e-05
31 4  3.1380666128083e-04
36 4 -8.1043722393692e-04
38 4  1.4377055697964e-04
5 5  2.1401534926034e-02
9 5 -2.6496162737811e-03
25 5 -1.8242867521111e-04
26 5  1.8242867521111e-04
30 5 -1.8242867521111e-04
32 5  7.5825110561699e-04
37 5 -8.1043722395045e-04
38 5  1.8242867521111e-04
1 6 -9.2563844479213e-05
2 6 -5.1863351149988e-04
3 6  9.1498194832317e-05
4 6 -8.1043722393694e-04
6 6  6.3512409272484e-03
7 6 -1.9432527598191e-03
8 6  1.2142332896201e-03
10 6 -1.4237299856764e-03
12 6 -8.9223581620843e-05
14 6  2.7415915519093e-04
24 6 -9.8064581800033e-06
25 6  1.4976099676258e-05
26 6  2.6771730554141e-04
27 6 -1.0078167730210e-05
30 6  2.9952199352517e-06
31 6  2.6144805505012e-04
36 6 -1.1187828641155e-03
38 6  5.3543461108282e-05
39 6  5.9392492176858e-04
45 6 -5.3921939508154e-05
47 6 -2.0156335460423e-06
6 7 -1.9432527598191e-03
7 7  1.3651674400566e-02
8 7 -1.4237299856764e-03
10 7  1.7255020642610e-03
12 7 -2.2838893241846e-03
14 7 -1.9649248403309e-03
26 7  3.2633382323672e-04
27 7  3.6664649415756e-04
36 7  5.9392492176857e-04
38 7  6.5266764647345e-05
39 7 -2.1932732415275e-03
45 7  7.6777193888580e-04
47 7  7.3329298831513e-05
1 8  9.1498194832312e-05
2 8 -8.1043722393691e-04
3 8 -2.2648482097226e-04
4 8 -2.6496162736728e-03
6 8  1.2142332896201e-03
7 8 -1.4237299856764e-03
8 8  2.3358298831772e-02
10 8 -8.2447713235546e-03
12 8  2.7415915519095e-04
14 8 -2.4263774134281e-05
24 8  9.1498194832312e-05
25 8 -1.1980879741006e-05
26 8 -2.1417384443313e-04
27 8  8.0625341841688e-06
30 8  1.1980879741006e-05
31 8 -8.1043722393691e-04
36 8  1.2142332896201e-03
38 8  2.1417384443313e-04
39 8 -1.4237299856764e-03
45 8  2.7415915519093e-04
47 8 -8.0625341841685e-06
5 9 -2.6496162737811e-03
9 9  2.4068175033539e-02
11 9 -8.1041331063536e-03
15 9 -7.8738205872182e-05
25 9 -9.1214337588889e-05
26 9  5.5580540170297e-15
27 9  9.1214337583334e-05
30 9 -9.1214337588888e-05
32 9 -8.1043722395045e-04
37 9  1.3029678148410e-03
38 9  5.5580540170297e-15
40 9 -1.4061502085262e-03
46 9  2.6734985122369e-04
47 9  9.1214337583334e-05
6 10 -1.4237299856764e-03
7 10  1.7255020642610e-03
8 10 -8.2447713235546e-03
10 10  4.9284608764675e-02
12 10 -1.9649248403310e-03
14 10 -9.9943192218563e-03
26 10 -2.6106705858937e-04
27 10 -2.9331719532605e-04
36 10 -1.4237299856763e-03
38 10  2.6106705858937e-04
39 10  1.7255020642608e-03
45 10 -1.9649248403308e-03
47 10  2.9331719532605e-04
9 11 -8.1041331063536e-03
11 11  5.0119330443836e-02
15 11 -9.9170597121057e-03
26 11 -5.1451004255555e-04
27 11  5.1451004255556e-04
37 11 -1.4061502085262e-03
38 11 -5.1451004255554e-04
40 11  1.8298422741560e-03
46 11 -1.9552674016120e-03
47 11  5.1451004255555e-04
6 12 -8.9223581620843e-05
7 12 -2.2838893241846e-03
8 12  2.7415915519095e-04
10 12 -1.9649248403310e-03
12 12  1.2043927651531e-02
13 12 -4.2553443638327e-03
14 12  3.0560877810620e-03
16 12 -2.8027919194406e-03
18 12  1.2098582853537e-04
20 12  4.6044813932537e-04
26 12  1.0078167730211e-05
27 12  4.0379630462878e-04
28 12 -6.7821039451691e-06
36 12 -5.3921939508155e-05
38 12  2.0156335460425e-06
39 12  7.6777193888580e-04
45 12 -2.3017506848014e-03
47 12  8.0759260925757e-05
48 12  1.2252777673227e-03
54 12 -1.2588792399546e-04
56 12 -1.3564207890343e-06
12 13 -4.2553443638327e-03
13 13  2.0855394337556e-02
14 13 -2.8027919194406e-03
16 13  4.0284135678548e-03
18 13 -4.7752867981045e-03
20 13 -3.3123445617587e-03
27 13  4.2116973238977e-04
28 13  4.4829814817044e-04
45 13  1.2252777673227e-03
47 13  8.4233946477955e-05
48 13 -3.6835851146031e-03
54 13  1.4149458906081e-03
56 13  8.9659629634091e-05
6 14  2.7415915519093e-04
7 14 -1.9649248403309e-03
8 14 -2.4263774134281e-05
10 14 -9.9943192218563e-03
12 14  3.0560877810620e-03
13 14 -2.8027919194406e-03
14 14  4.5080883429041e-02
16 14 -1.7725850224922e-02
18 14  4.6044813932541e-04
20 14  9.0128789681034e-04
26 14 -8.0625341841682e-06
27 14 -3.2303704370302e-04
28 14  5.4256831561378e-06
36 14  2.7415915519092e-04
38 14  8.0625341841682e-06
39 14 -1.9649248403308e-03
45 14  3.0560877810619e-03
47 14  3.2303704370303e-04
48 14 -2.8027919194407e-03
54 14  4.6044813932540e-04
56 14 -5.4256831561377e-06
9 15 -7.8738205872182e-05
11 15 -9.9170597121057e-03
15 15  4.5377001143042e-02
17 15 -1.7660777794689e-02
21 15  8.7314252452295e-04
26 15 -1.6604068369445e-04
27 15  1.3877787807814e-17
28 15  1.6604068369444e-04
37 15  2.6734985122369e-04
38 15 -1.6604068369444e-04
40 15 -1.9552674016120e-03
46 15  3.0931024953120e-03
47 15  1.3877787807814e-17
49 15 -2.7946578656615e-03
55 15  4.5692996778947e-04
56 15  1.6604068369445e-04
12 16 -2.8027919194406e-03
13 16  4.0284135678548e-03
14 16 -1.7725850224922e-02
16 16  7.6744064027522e-02
18 16 -3.3123445617589e-03
20 16 -2.0066052753502e-02
27 16 -3.3693578591182e-04
28 16 -3.5863851853637e-04
45 16 -2.8027919194406e-03
47 16  3.3693578591182e-04
48 16  4.0284135678547e-03
54 16 -3.3123445617588e-03
56 16  3.5863851853637e-04
15 17 -1.7660777794689e-02
17 17  7.7188910006651e-02
21 17 -2.0018543694585e-02
27 17 -7.8692812933333e-04
28 17  7.8692812933333e-04
46 17 -2.7946578656614e-03
47 17 -7.8692812933332e-04
49 17  4.0840193152458e-03
55 17 -3.3064059293942e-03
56 17  7.8692812933332e-04
12 18  1.2098582853537e-04
13 18 -4.7752867981045e-03
14 18  4.6044813932541e-04
16 18 -3.3123445617589e-03
18 18  1.7735389979018e-02
19 18 -7.3523412274786e-03
20 18  5.5215689462528e-03
22 18 -4.4347356700774e-03
27 18  6.7821039451722e-06
28 18  4.5519121225855e-04
29 18 -4.5640175502936e-06
45 18 -1.2588792399546e-04
47 18  1.3564207890350e-06
48 18  1.4149458906081e-03
54 18 -3.6336869191933e-03
56 18  9.1038242451710e-05
57 18  2.0194812986027e-03
59 18 -9.1280351006022e-07
18 19 -7.3523412274786e-03
19 19  2.7800271950170e-02
20 19 -4.4347356700775e-03
22 19  7.1597921415332e-03
28 19  4.4877575794718e-04
29 19  4.6703182814834e-04
54 19  2.0194812986027e-03
56 19  8.9755151589434e-05
57 19 -5.3382466360410e-03
59 19  9.3406365629673e-05
12 20  4.6044813932537e-04
13 20 -3.3123445617587e-03
14 20  9.0128789681034e-04
16 20 -2.0066052753502e-02
18 20  5.5215689462528e-03
19 20 -4.4347356700775e-03
20 20  6.7449950131806e-02
22 20 -3.0200911055660e-02
27 20 -5.4256831561359e-06
28 20 -3.6415296980684e-04
29 20  3.6512140402322e-06
45 20  4.6044813932536e-04
47 20  5.4256831561363e-06
48 20 -3.3123445617586e-03
54 20  5.5215689462525e-03
56 20  3.6415296980684e-04
57 20 -4.4347356700773e-03
59 20 -3.6512140402319e-06
15 21  8.7314252452295e-04
17 21 -2.0018543694585e-02
21 21  6.7625992128589e-02
23 21 -3.0161706175466e-02
27 21 -2.2742338097222e-04
28 21  5.5580540170297e-15
29 21  2.2742338096667e-04
46 21  4.5692996778943e-04
47 21 -2.2742338097222e-04
49 21 -3.3064059293941e-03
55 21  5.5435741958503e-03
56 21  5.5649929109336e-15
58 21 -4.4298350600531e-03
59 21  2.2742338096667e-04
18 22 -4.4347356700774e-03
19 22  7.1597921415332e-03
20 22 -3.0200911055660e-02
22 22  1.0416768553958e-01
28 22 -3.5902060635774e-04
29 22 -3.7362546251867e-04
54 22 -4.4347356700772e-03
56 22  3.5902060635774e-04
57 22  7.1597921415331e-03
59 22  3.7362546251867e-04
21 23 -3.0161706175466e-02
23 23  1.0445148027595e-01
28 23 -1.0104023174555e-03
29 23  1.0104023174555e-03
55 23 -4.4298350600530e-03
56 23 -1.0104023174555e-03
58 23  7.1952664835790e-03
59 23  1.0104023174555e-03
1 24 -1.0130465299141e-04
2 24  1.1111111113858e-04
3 24  1.3072402743171e-04
4 24 -2.2222222232969e-04
6 24 -9.8064581800033e-06
8 24  9.1498194832312e-05
24 24  1.0740165786187e-03
25 24 -2.9952199407244e-06
26 24  2.9952199352515e-06
31 24 -8.8888888891599e-04
33 24  1.3072402743171e-04
34 24 -2.2222222232970e-04
36 24 -1.8512768895843e-04
38 24  5.4210108624275e-20
41 24  9.1498194832314e-05
64 24 -1.0130465299141e-04
65 24  2.9952199407244e-06
66 24  1.1111111113858e-04
71 24 -9.8064581800035e-06
73 24 -2.9952199352515e-06
1 25  1.4976099703622e-05
2 25  1.1980879751952e-04
3 25 -1.1980879762898e-05
4 25 -9.5847038015615e-05
5 25 -1.8242867521111e-04
6 25  1.4976099676258e-05
8 25 -1.1980879741006e-05
9 25 -9.1214337588889e-05
24 25 -2.9952199407244e-06
25 25  0.0000000000000e+00
31 25 -2.3961759503904e-05
32 25  1.6696713456277e-19
36 25 -2.9952199352516e-06
37 25 -1.3010426069826e-20
1 26 -1.4976099676257e-05
2 26  1.7971319622455e-04
3 26  1.1980879741006e-05
4 26 -1.4377055697964e-04
5 26  1.8242867521111e-04
6 26  2.6771730554141e-04
7 26  3.2633382323672e-04
8 26 -2.1417384443313e-04
9 26  5.5580540170297e-15
10 26 -2.6106705858937e-04
11 26 -5.1451004255555e-04
12 26  1.0078167730211e-05
14 26 -8.0625341841682e-06
15 26 -1.6604068369445e-04
24 26  2.9952199352515e-06
26 26  0.0000000000000e+00
31 26 -3.5942639244910e-05
32 26 -3.2959746043559e-19
36 26 -5.3543461108282e-05
37 26  9.6493993351210e-20
39 26 -6.5266764647345e-05
40 26  2.3635607360184e-19
45 26 -2.0156335460425e-06
46 26 -2.1684043449710e-20
6 27 -1.0078167730210e-05
7 27  3.6664649415756e-04
8 27  8.0625341841688e-06
9 27  9.1214337583334e-05
10 27 -2.9331719532605e-04
11 27  5.1451004255556e-04
12 27  4.0379630462878e-04
13 27  4.2116973238977e-04
14 27 -3.2303704370302e-04
15 27  1.3877787807814e-17
16 27 -3.3693578591182e-04
17 27 -7.8692812933333e-04
18 27  6.7821039451722e-06
20 27 -5.4256831561359e-06
21 27 -2.2742338097222e-04
27 27  0.0000000000000e+00
36 27  2.0156335460423e-06
37 27  2.8189256484623e-19
39 27 -7.3329298831513e-05
40 27 -1.3357370765021e-18
45 27 -8.0759260925757e-05
46 27  5.7977711173663e-19
48 27 -8.4233946477956e-05
49 27  1.8323016715005e-19
54 27 -1.3564207890351e-06
55 27 -3.6862873864507e-20
12 28 -6.7821039451691e-06
13 28  4.4829814817044e-04
14 28  5.4256831561378e-06
15 28  1.6604068369444e-04
16 28 -3.5863851853637e-04
17 28  7.8692812933333e-04
18 28  4.5519121225855e-04
19 28  4.4877575794718e-04
20 28 -3.6415296980684e-04
21 28  5.5580540170297e-15
22 28 -3.5902060635774e-04
23 28 -1.0104023174555e-03
28 28  0.0000000000000e+00
45 28  1.3564207890343e-06
46 28  3.5561831257525e-19
48 28 -8.9659629634092e-05
49 28 -1.3704315460217e-18
54 28 -9.1038242451711e-05
55 28 -4.2012834183818e-20
57 28 -8.9755151589435e-05
58 28  1.7650811368064e-18
18 29 -4.5640175502936e-06
19 29  4.6703182814834e-04
20 29  3.6512140402322e-06
21 29  2.2742338096667e-04
22 29 -3.7362546251867e-04
23 29  1.0104023174555e-03
29 29  0.0000000000000e+00
54 29  9.1280351005995e-07
55 29  1.9298798670242e-19
57 29 -9.3406365629671e-05
58 29 -9.9746599868666e-19
1 30  2.9952199407244e-06
2 30  2.3961759503905e-05
3 30  1.1980879762897e-05
4 30  9.5847038015615e-05
5 30 -1.8242867521111e-04
6 30  2.9952199352517e-06
8 30  1.1980879741006e-05
9 30 -9.1214337588888e-05
30 30  0.0000000000000e+00
32 30 -1.8242867521111e-04
33 30 -1.1980879762898e-05
34 30 -9.5847038015616e-05
35 30 -1.8242867521111e-04
36 30 -1.0842021724855e-19
37 30 -9.1214337588887e-05
41 30 -1.1980879741006e-05
42 30 -9.1214337588889e-05
64 30 -2.9952199407244e-06
66 30 -2.3961759503904e-05
67 30 -2.7972416050126e-19
71 30 -2.9952199352516e-06
72 30  3.4694469519536e-20
1 31  1.1111111113858e-04
2 31 -7.3198555868159e-04
3 31 -2.2222222232970e-04
4 31  3.1380666128083e-04
6 31  2.6144805505012e-04
8 31 -8.1043722393691e-04
24 31 -8.8888888891599e-04
25 31 -2.3961759503904e-05
26 31 -3.5942639244910e-05
31 31  1.0073154141754e-02
33 31 -2.2222222232970e-04
34 31  3.1380666128078e-04
36 31 -1.0372670229997e-03
38 31  8.6736173798840e-19
41 31 -8.1043722393690e-04
64 31  1.1111111113858e-04
65 31  2.3961759503904e-05
66 31 -7.3198555868159e-04
71 31  2.6144805505012e-04
73 31  3.5942639244910e-05
5 32  7.5825110561699e-04
9 32 -8.1043722395045e-04
25 32  1.6696713456277e-19
26 32 -3.2959746043559e-19
30 32 -1.8242867521111e-04
32 32  1.1850931919099e-02
35 32  7.5825110561693e-04
37 32 -1.0372670230539e-03
38 32  1.8242867521111e-04
42 32 -8.1043722395044e-04
65 32  3.1658703436577e-19
67 32 -9.5420778084966e-04
72 32  2.6144805505689e-04
73 32 -2.4286128663675e-19
24 33  1.3072402743171e-04
30 33 -1.1980879762898e-05
31 33 -2.2222222232970e-04
33 33  2.0042626001352e-03
34 33 -1.7777777779371e-03
36 33  9.1498194832323e-05
38 33  1.1980879741006e-05
41 33 -2.2648482097227e-04
64 33  1.3072402743170e-04
65 33  1.1980879762898e-05
66 33 -2.2222222232970e-04
71 33  9.1498194832311e-05
73 33 -1.1980879741006e-05
24 34 -2.2222222232970e-04
30 34 -9.5847038015616e-05
31 34  3.1380666128078e-04
33 34 -1.7777777779371e-03
34 34  1.7845979371344e-02
36 34 -8.1043722393696e-04
38 34 -1.4377055697964e-04
41 34 -2.6496162736728e-03
64 34 -2.2222222232969e-04
65 34  9.5847038015615e-05
66 34  3.1380666128089e-04
71 34 -8.1043722393691e-04
73 34  1.4377055697964e-04
30 35 -1.8242867521111e-04
32 35  7.5825110561693e-04
35 35  2.1401534926033e-02
37 35 -8.1043722395049e-04
38 35  1.8242867521111e-04
42 35 -2.6496162737810e-03
65 35 -1.8242867521111e-04
67 35  7.5825110561707e-04
72 35 -8.1043722395045e-04
73 35  1.8242867521111e-04
1 36 -9.8064581800026e-06
2 36  2.6144805505011e-04
3 36  9.1498194832314e-05
4 36 -8.1043722393692e-04
6 36 -1.1187828641155e-03
7 36  5.9392492176857e-04
8 36  1.2142332896201e-03
10 36 -1.4237299856763e-03
12 36 -5.3921939508155e-05
14 36  2.7415915519092e-04
24 36 -1.8512768895843e-04
25 36 -2.9952199352516e-06
26 36 -5.3543461108282e-05
27 36  2.0156335460423e-06
30 36 -1.0842021724855e-19
31 36 -1.0372670229997e-03
33 36  9.1498194832323e-05
34 36 -8.1043722393696e-04
36 36  1.2702481854497e-02
38 36 -8.6736173798840e-19
39 36 -3.8865055196380e-03
41 36  1.2142332896202e-03
43 36 -1.4237299856764e-03
45 36 -1.7844716324171e-04
47 36  2.7105054312138e-19
50 36  2.7415915519095e-04
64 36 -9.8064581800013e-06
65 36  2.9952199352516e-06
66 36  2.6144805505011e-04
71 36 -1.1187828641155e-03
73 36  5.3543461108282e-05
74 36  5.9392492176857e-04
80 36 -5.3921939508156e-05
82 36 -2.0156335460423e-06
5 37 -8.1043722395045e-04
9 37  1.3029678148410e-03
11 37 -1.4061502085262e-03
15 37  2.6734985122369e-04
25 37 -1.3010426069826e-20
26 37  9.6493993351210e-20
27 37  2.8189256484623e-19
30 37 -9.1214337588887e-05
32 37 -1.0372670230539e-03
35 37 -8.1043722395049e-04
37 37  1.3057419955380e-02
38 37  5.5519824848638e-15
40 37 -3.8161864110375e-03
42 37  1.3029678148411e-03
44 37 -1.4061502085263e-03
46 37 -2.0568437911067e-04
47 37  9.1214337583330e-05
51 37  2.6734985122372e-04
65 37 -7.3725747729015e-20
67 37  2.6144805505688e-04
72 37 -1.1631501267259e-03
73 37 -5.8059026336598e-19
75 37  5.8513503319351e-04
81 37 -5.0517287524538e-05
82 37 -2.0383000842727e-19
1 38 -2.9952199352515e-06
2 38  3.5942639244910e-05
3 38 -1.1980879741006e-05
4 38  1.4377055697964e-04
5 38  1.8242867521111e-04
6 38  5.3543461108282e-05
7 38  6.5266764647345e-05
8 38  2.1417384443313e-04
9 38  5.5580540170297e-15
10 38  2.6106705858937e-04
11 38 -5.1451004255554e-04
12 38  2.0156335460425e-06
14 38  8.0625341841682e-06
15 38 -1.6604068369444e-04
24 38  5.4210108624275e-20
31 38  8.6736173798840e-19
32 38  1.8242867521111e-04
33 38  1.1980879741006e-05
34 38 -1.4377055697964e-04
35 38  1.8242867521111e-04
36 38 -8.6736173798840e-19
37 38  5.5519824848638e-15
38 38  0.0000000000000e+00
39 38 -1.7347234759768e-18
40 38 -5.1451004255555e-04
41 38 -2.1417384443313e-04
42 38  5.5580540170297e-15
43 38 -2.6106705858937e-04
44 38 -5.1451004255555e-04
45 38  6.5052130349130e-19
46 38 -1.6604068369444e-04
50 38 -8.0625341841682e-06
51 38 -1.6604068369444e-04
64 38  2.9952199352515e-06
66 38 -3.5942639244910e-05
67 38 -1.3877787807815e-19
71 38 -5.3543461108282e-05
72 38 -3.2146594414194e-19
74 38 -6.5266764647345e-05
75 38 -6.2233204700668e-19
80 38 -2.0156335460425e-06
81 38 -3.4694469519536e-20
6 39  5.9392492176858e-04
7 39 -2.1932732415275e-03
8 39 -1.4237299856764e-03
10 39  1.7255020642608e-03
12 39  7.6777193888580e-04
14 39 -1.9649248403308e-03
26 39 -6.5266764647345e-05
27 39 -7.3329298831513e-05
36 39 -3.8865055196380e-03
38 39 -1.7347234759768e-18
39 39  2.7303348801131e-02
41 39 -1.4237299856764e-03
43 39  1.7255020642608e-03
45 39 -4.5677786483691e-03
47 39 -3.4694469519536e-18
50 39 -1.9649248403309e-03
71 39  5.9392492176857e-04
73 39  6.5266764647344e-05
74 39 -2.1932732415275e-03
80 39  7.6777193888581e-04
82 39  7.3329298831513e-05
9 40 -1.4061502085262e-03
11 40  1.8298422741560e-03
15 40 -1.9552674016120e-03
26 40  2.3635607360184e-19
27 40 -1.3357370765021e-18
37 40 -3.8161864110375e-03
38 40 -5.1451004255555e-04
40 40  2.7720709640712e-02
42 40 -1.4061502085262e-03
44 40  1.8298422741560e-03
46 40 -4.5291488934938e-03
47 40  5.1451004255555e-04
51 40 -1.9552674016121e-03
72 40  5.8513503319351e-04
73 40  5.9197438617709e-19
75 40 -2.2454433464751e-03
81 40  7.6294321952640e-04
82 40 -1.3877787807815e-19
24 41  9.1498194832314e-05
30 41 -1.1980879741006e-05
31 41 -8.1043722393690e-04
33 41 -2.2648482097227e-04
34 41 -2.6496162736728e-03
36 41  1.2142332896202e-03
38 41 -2.1417384443313e-04
39 41 -1.4237299856764e-03
41 41  2.3358298831772e-02
43 41 -8.2447713235546e-03
45 41  2.7415915519098e-04
47 41  8.0625341841688e-06
50 41 -2.4263774134253e-05
64 41  9.1498194832311e-05
65 41  1.1980879741006e-05
66 41 -8.1043722393691e-04
71 41  1.2142332896200e-03
73 41  2.1417384443313e-04
74 41 -1.4237299856764e-03
80 41  2.7415915519093e-04
82 41 -8.0625341841688e-06
30 42 -9.1214337588889e-05
32 42 -8.1043722395044e-04
35 42 -2.6496162737810e-03
37 42  1.3029678148411e-03
38 42  5.5580540170297e-15
40 42 -1.4061502085262e-03
42 42  2.4068175033539e-02
44 42 -8.1041331063536e-03
46 42  2.6734985122374e-04
47 42  9.1214337583332e-05
51 42 -7.8738205872155e-05
65 42 -9.1214337588888e-05
67 42 -8.1043722395045e-04
72 42  1.3029678148409e-03
73 42  5.5632581874576e-15
75 42 -1.4061502085263e-03
81 42  2.6734985122370e-04
82 42  9.1214337583336e-05
36 43 -1.4237299856764e-03
38 43 -2.6106705858937e-04
39 43  1.7255020642608e-03
41 43 -8.2447713235546e-03
43 43  4.9284608764675e-02
45 43 -1.9649248403310e-03
47 43 -2.9331719532605e-04
50 43 -9.9943192218562e-03
71 43 -1.4237299856763e-03
73 43  2.6106705858937e-04
74 43  1.7255020642611e-03
80 43 -1.9649248403308e-03
82 43  2.9331719532605e-04
37 44 -1.4061502085263e-03
38 44 -5.1451004255555e-04
40 44  1.8298422741560e-03
42 44 -8.1041331063536e-03
44 44  5.0119330443836e-02
46 44 -1.9552674016122e-03
47 44  5.1451004255556e-04
51 44 -9.9170597121057e-03
72 44 -1.4061502085262e-03
73 44 -5.1451004255554e-04
75 44  1.8298422741563e-03
81 44 -1.9552674016120e-03
82 44  5.1451004255555e-04
6 45 -5.3921939508154e-05
7 45  7.6777193888580e-04
8 45  2.7415915519093e-04
10 45 -1.9649248403308e-03
12 45 -2.3017506848014e-03
13 45  1.2252777673227e-03
14 45  3.0560877810619e-03
16 45 -2.8027919194406e-03
18 45 -1.2588792399546e-04
20 45  4.6044813932536e-04
26 45 -2.0156335460425e-06
27 45 -8.0759260925757e-05
28 45  1.3564207890343e-06
36 45 -1.7844716324171e-04
38 45  6.5052130349130e-19
39 45 -4.5677786483691e-03
41 45  2.7415915519098e-04
43 45 -1.9649248403310e-03
45 45  2.4087855303061e-02
47 45  5.2041704279304e-18
48 45 -8.5106887276654e-03
50 45  3.0560877810621e-03
52 45 -2.8027919194407e-03
54 45  2.4197165707074e-04
56 45  2.1684043449710e-19
60 45  4.6044813932540e-04
71 45 -5.3921939508153e-05
73 45  2.0156335460424e-06
74 45  7.6777193888580e-04
80 45 -2.3017506848014e-03
82 45  8.0759260925756e-05
83 45  1.2252777673227e-03
89 45 -1.2588792399546e-04
91 45 -1.3564207890343e-06
9 46  2.6734985122369e-04
11 46 -1.9552674016120e-03
15 46  3.0931024953120e-03
17 46 -2.7946578656614e-03
21 46  4.5692996778943e-04
26 46 -2.1684043449710e-20
27 46  5.7977711173663e-19
28 46  3.5561831257525e-19
37 46 -2.0568437911067e-04
38 46 -1.6604068369444e-04
40 46 -4.5291488934938e-03
42 46  2.6734985122374e-04
44 46 -1.9552674016122e-03
46 46  2.4235914160062e-02
47 46  1.5612511283791e-17
49 46 -8.4781525125487e-03
51 46  3.0931024953122e-03
53 46 -2.7946578656615e-03
55 46  2.2789897092704e-04
56 46  1.6604068369444e-04
61 46  4.5692996778947e-04
72 46 -5.0517287524535e-05
73 46 -1.3877787807815e-19
75 46  7.6294321952639e-04
81 46 -2.3202580419265e-03
82 46 -1.8621172312439e-18
84 46  1.2212107404331e-03
90 46 -1.2412883822750e-04
91 46 -3.4694469519536e-19
6 47 -2.0156335460423e-06
7 47  7.3329298831513e-05
8 47 -8.0625341841685e-06
9 47  9.1214337583334e-05
10 47  2.9331719532605e-04
11 47  5.1451004255555e-04
12 47  8.0759260925757e-05
13 47  8.4233946477955e-05
14 47  3.2303704370303e-04
15 47  1.3877787807814e-17
16 47  3.3693578591182e-04
17 47 -7.8692812933332e-04
18 47  1.3564207890350e-06
20 47  5.4256831561363e-06
21 47 -2.2742338097222e-04
36 47  2.7105054312138e-19
37 47  9.1214337583330e-05
39 47 -3.4694469519536e-18
40 47  5.1451004255555e-04
41 47  8.0625341841688e-06
42 47  9.1214337583332e-05
43 47 -2.9331719532605e-04
44 47  5.1451004255556e-04
45 47  5.2041704279304e-18
46 47  1.5612511283791e-17
47 47  0.0000000000000e+00
48 47 -3.4694469519536e-18
49 47 -7.8692812933332e-04
50 47 -3.2303704370302e-04
51 47  3.4694469519536e-18
52 47 -3.3693578591182e-04
53 47 -7.8692812933332e-04
54 47  2.4394548880924e-19
55 47 -2.2742338097222e-04
60 47 -5.4256831561359e-06
61 47 -2.2742338097222e-04
71 47  2.0156335460424e-06
72 47  3.1658703436577e-19
74 47 -7.3329298831514e-05
75 47 -1.1969591984240e-18
80 47 -8.0759260925757e-05
81 47  5.9631119486772e-21
83 47 -8.4233946477956e-05
84 47 -7.8279396853454e-19
89 47 -1.3564207890351e-06
90 47 -1.3877787807815e-19
12 48  1.2252777673227e-03
13 48 -3.6835851146031e-03
14 48 -2.8027919194407e-03
16 48  4.0284135678547e-03
18 48  1.4149458906081e-03
20 48 -3.3123445617586e-03
27 48 -8.4233946477956e-05
28 48 -8.9659629634092e-05
45 48 -8.5106887276654e-03
47 48 -3.4694469519536e-18
48 48  4.1710788675112e-02
50 48 -2.8027919194406e-03
52 48  4.0284135678545e-03
54 48 -9.5505735962088e-03
60 48 -3.3123445617587e-03
80 48  1.2252777673227e-03
82 48  8.4233946477955e-05
83 48 -3.6835851146030e-03
89 48  1.4149458906081e-03
91 48  8.9659629634091e-05
15 49 -2.7946578656615e-03
17 49  4.0840193152458e-03
21 49 -3.3064059293941e-03
27 49  1.8323016715005e-19
28 49 -1.3704315460217e-18
46 49 -8.4781525125487e-03
47 49 -7.8692812933332e-04
49 49  4.1933211664677e-02
51 49 -2.7946578656614e-03
53 49  4.0840193152456e-03
55 49 -9.5268190667506e-03
56 49  7.8692812933333e-04
61 49 -3.3064059293941e-03
81 49  1.2212107404331e-03
82 49  6.8087896432090e-19
84 49 -3.7113879882986e-03
90 49  1.4119765744258e-03
91 49 -5.8980598183212e-19
36 50  2.7415915519095e-04
38 50 -8.0625341841682e-06
39 50 -1.9649248403309e-03
41 50 -2.4263774134253e-05
43 50 -9.9943192218562e-03
45 50  3.0560877810621e-03
47 50 -3.2303704370302e-04
48 50 -2.8027919194406e-03
50 50  4.5080883429041e-02
52 50 -1.7725850224922e-02
54 50  4.6044813932545e-04
56 50  5.4256831561378e-06
60 50  9.0128789681028e-04
71 50  2.7415915519091e-04
73 50  8.0625341841686e-06
74 50 -1.9649248403308e-03
80 50  3.0560877810616e-03
82 50  3.2303704370303e-04
83 50 -2.8027919194407e-03
89 50  4.6044813932537e-04
91 50 -5.4256831561377e-06
37 51  2.6734985122372e-04
38 51 -1.6604068369444e-04
40 51 -1.9552674016121e-03
42 51 -7.8738205872155e-05
44 51 -9.9170597121057e-03
46 51  3.0931024953122e-03
47 51  3.4694469519536e-18
49 51 -2.7946578656614e-03
51 51  4.5377001143042e-02
53 51 -1.7660777794688e-02
55 51  4.5692996778952e-04
56 51  1.6604068369444e-04
61 51  8.7314252452289e-04
72 51  2.6734985122367e-04
73 51 -1.6604068369445e-04
75 51 -1.9552674016120e-03
81 51  3.0931024953117e-03
82 51  1.3877787807814e-17
84 51 -2.7946578656615e-03
90 51  4.5692996778944e-04
91 51  1.6604068369445e-04
45 52 -2.8027919194407e-03
47 52 -3.3693578591182e-04
48 52  4.0284135678545e-03
50 52 -1.7725850224922e-02
52 52  7.6744064027522e-02
54 52 -3.3123445617590e-03
56 52 -3.5863851853637e-04
60 52 -2.0066052753501e-02
80 52 -2.8027919194404e-03
82 52  3.3693578591182e-04
83 52  4.0284135678548e-03
89 52 -3.3123445617587e-03
91 52  3.5863851853637e-04
46 53 -2.7946578656615e-03
47 53 -7.8692812933332e-04
49 53  4.0840193152456e-03
51 53 -1.7660777794688e-02
53 53  7.7188910006650e-02
55 53 -3.3064059293944e-03
56 53  7.8692812933333e-04
61 53 -2.0018543694585e-02
81 53 -2.7946578656613e-03
82 53 -7.8692812933332e-04
84 53  4.0840193152459e-03
90 53 -3.3064059293941e-03
91 53  7.8692812933332e-04
12 54 -1.2588792399546e-04
13 54  1.4149458906081e-03
14 54  4.6044813932540e-04
16 54 -3.3123445617588e-03
18 54 -3.6336869191933e-03
19 54  2.0194812986027e-03
20 54  5.5215689462525e-03
22 54 -4.4347356700772e-03
27 54 -1.3564207890351e-06
28 54 -9.1038242451711e-05
29 54  9.1280351005995e-07
45 54  2.4197165707074e-04
47 54  2.4394548880924e-19
48 54 -9.5505735962088e-03
50 54  4.6044813932545e-04
52 54 -3.3123445617590e-03
54 54  3.5470779958036e-02
56 54 -6.0715321659188e-18
57 54 -1.4704682454957e-02
59 54 -1.5720931501040e-18
60 54  5.5215689462530e-03
62 54 -4.4347356700775e-03
80 54 -1.2588792399545e-04
82 54  1.3564207890350e-06
83 54  1.4149458906081e-03
89 54 -3.6336869191932e-03
91 54  9.1038242451711e-05
92 54  2.0194812986027e-03
94 54 -9.1280351006018e-07
15 55  4.5692996778947e-04
17 55 -3.3064059293942e-03
21 55  5.5435741958503e-03
23 55 -4.4298350600530e-03
27 55 -3.6862873864507e-20
28 55 -4.2012834183818e-20
29 55  1.9298798670242e-19
46 55  2.2789897092704e-04
47 55 -2.2742338097222e-04
49 55 -9.5268190667506e-03
51 55  4.5692996778952e-04
53 55 -3.3064059293944e-03
55 55  3.5558800956428e-02
56 55  5.5511151231258e-15
58 55 -1.4685080014860e-02
59 55  2.2742338096666e-04
61 55  5.5435741958509e-03
63 55 -4.4298350600532e-03
81 55 -1.2412883822749e-04
82 55  7.3725747729015e-20
84 55  1.4119765744258e-03
90 55 -3.6446895439921e-03
91 55 -1.8480226030015e-18
93 55  2.0170309935905e-03
94 55 -1.9515639104739e-19
12 56 -1.3564207890343e-06
13 56  8.9659629634091e-05
14 56 -5.4256831561377e-06
15 56  1.6604068369445e-04
16 56  3.5863851853637e-04
17 56  7.8692812933332e-04
18 56  9.1038242451710e-05
19 56  8.9755151589434e-05
20 56  3.6415296980684e-04
21 56  5.5649929109336e-15
22 56  3.5902060635774e-04
23 56 -1.0104023174555e-03
45 56  2.1684043449710e-19
46 56  1.6604068369444e-04
49 56  7.8692812933333e-04
50 56  5.4256831561378e-06
51 56  1.6604068369444e-04
52 56 -3.5863851853637e-04
53 56  7.8692812933333e-04
54 56 -6.0715321659188e-18
55 56  5.5511151231258e-15
56 56  0.0000000000000e+00
57 56  3.4694469519536e-18
58 56 -1.0104023174555e-03
60 56 -3.6415296980684e-04
61 56  5.5580540170297e-15
62 56 -3.5902060635774e-04
63 56 -1.0104023174555e-03
80 56  1.3564207890343e-06
81 56  4.2067044292438e-19
83 56 -8.9659629634092e-05
84 56 -1.0148132334464e-18
89 56 -9.1038242451711e-05
90 56 -1.1183545409188e-18
92 56 -8.9755151589435e-05
93 56 -3.5778671692022e-20
18 57  2.0194812986027e-03
19 57 -5.3382466360410e-03
20 57 -4.4347356700773e-03
22 57  7.1597921415331e-03
28 57 -8.9755151589435e-05
29 57 -9.3406365629671e-05
54 57 -1.4704682454957e-02
56 57  3.4694469519536e-18
57 57  5.5600543900340e-02
59 57  5.2041704279304e-18
60 57 -4.4347356700774e-03
62 57  7.1597921415328e-03
89 57  2.0194812986027e-03
91 57  8.9755151589434e-05
92 57 -5.3382466360410e-03
94 57  9.3406365629673e-05
21 58 -4.4298350600531e-03
23 58  7.1952664835790e-03
28 58  1.7650811368064e-18
29 58 -9.9746599868666e-19
55 58 -1.4685080014860e-02
56 58 -1.0104023174555e-03
58 58  5.5742441268524e-02
59 58  1.0104023174555e-03
61 58 -4.4298350600531e-03
63 58  7.1952664835787e-03
90 58  2.0170309935905e-03
91 58 -3.1441863002080e-20
93 58 -5.3559838070640e-03
94 58 -2.0383000842727e-18
18 59 -9.1280351006022e-07
19 59  9.3406365629673e-05
20 59 -3.6512140402319e-06
21 59  2.2742338096667e-04
22 59  3.7362546251867e-04
23 59  1.0104023174555e-03
54 59 -1.5720931501040e-18
55 59  2.2742338096666e-04
57 59  5.2041704279304e-18
58 59  1.0104023174555e-03
59 59  0.0000000000000e+00
60 59  3.6512140402322e-06
61 59  2.2742338096667e-04
62 59 -3.7362546251867e-04
63 59  1.0104023174555e-03
89 59  9.1280351005996e-07
90 59  5.8546917314217e-20
92 59 -9.3406365629671e-05
93 59  4.5102810375397e-19
45 60  4.6044813932540e-04
47 60 -5.4256831561359e-06
48 60 -3.3123445617587e-03
50 60  9.0128789681028e-04
52 60 -2.0066052753501e-02
54 60  5.5215689462530e-03
56 60 -3.6415296980684e-04
57 60 -4.4347356700774e-03
59 60  3.6512140402322e-06
60 60  6.7449950131806e-02
62 60 -3.0200911055660e-02
80 60  4.6044813932529e-04
82 60  5.4256831561363e-06
83 60 -3.3123445617585e-03
89 60  5.5215689462521e-03
91 60  3.6415296980684e-04
92 60 -4.4347356700773e-03
94 60 -3.6512140402319e-06
46 61  4.5692996778947e-04
47 61 -2.2742338097222e-04
49 61 -3.3064059293941e-03
51 61  8.7314252452289e-04
53 61 -2.0018543694585e-02
55 61  5.5435741958509e-03
56 61  5.5580540170297e-15
58 61 -4.4298350600531e-03
59 61  2.2742338096667e-04
61 61  6.7625992128589e-02
63 61 -3.0161706175466e-02
81 61  4.5692996778937e-04
82 61 -2.2742338097222e-04
84 61 -3.3064059293939e-03
90 61  5.5435741958499e-03
91 61  5.5580540170297e-15
93 61 -4.4298350600531e-03
94 61  2.2742338096667e-04
54 62 -4.4347356700775e-03
56 62 -3.5902060635774e-04
57 62  7.1597921415328e-03
59 62 -3.7362546251867e-04
60 62 -3.0200911055660e-02
62 62  1.0416768553958e-01
89 62 -4.4347356700770e-03
91 62  3.5902060635773e-04
92 62  7.1597921415334e-03
94 62  3.7362546251867e-04
55 63 -4.4298350600532e-03
56 63 -1.0104023174555e-03
58 63  7.1952664835787e-03
59 63  1.0104023174555e-03
61 63 -3.0161706175466e-02
63 63  1.0445148027595e-01
90 63 -4.4298350600528e-03
91 63 -1.0104023174555e-03
93 63  7.1952664835793e-03
94 63  1.0104023174555e-03
24 64 -1.0130465299141e-04
30 64 -2.9952199407244e-06
31 64  1.1111111113858e-04
33 64  1.3072402743170e-04
34 64 -2.2222222232969e-04
36 64 -9.8064581800013e-06
38 64  2.9952199352515e-06
41 64  9.1498194832311e-05
64 64  1.0740165786187e-03
66 64 -8.8888888891600e-04
68 64  1.3072402743173e-04
69 64 -2.2222222232970e-04
71 64 -1.8512768895843e-04
73 64  5.4210108624275e-20
76 64  9.1498194832318e-05
122 64 -1.0130465299141e-04
123 64  2.9952199407244e-06
124 64  1.1111111113858e-04
126 64 -9.8064581800065e-06
128 64 -2.9952199352515e-06
24 65  2.9952199407244e-06
31 65  2.3961759503904e-05
32 65  3.1658703436577e-19
33 65  1.1980879762898e-05
34 65  9.5847038015615e-05
35 65 -1.8242867521111e-04
36 65  2.9952199352516e-06
37 65 -7.3725747729015e-20
41 65  1.1980879741006e-05
42 65 -9.1214337588888e-05
65 65  0.0000000000000e+00
66 65 -4.3368086899420e-19
67 65 -1.8242867521111e-04
68 65 -1.1980879762897e-05
69 65 -9.5847038015615e-05
70 65 -1.8242867521111e-04
71 65 -1.6263032587283e-19
72 65 -9.1214337588890e-05
76 65 -1.1980879741006e-05
77 65 -9.1214337588890e-05
122 65 -2.9952199407244e-06
124 65 -2.3961759503904e-05
125 65  9.4542429440736e-19
126 65 -2.9952199352516e-06
127 65  2.8622937353617e-19
24 66  1.1111111113858e-04
30 66 -2.3961759503904e-05
31 66 -7.3198555868159e-04
33 66 -2.2222222232970e-04
34 66  3.1380666128089e-04
36 66  2.6144805505011e-04
38 66 -3.5942639244910e-05
41 66 -8.1043722393691e-04
64 66 -8.8888888891600e-04
65 66 -4.3368086899420e-19
66 66  1.0073154141754e-02
68 66 -2.2222222232972e-04
69 66  3.1380666128089e-04
71 66 -1.0372670229998e-03
76 66 -8.1043722393696e-04
122 66  1.1111111113858e-04
123 66  2.3961759503905e-05
124 66 -7.3198555868156e-04
126 66  2.6144805505013e-04
128 66  3.5942639244910e-05
30 67 -2.7972416050126e-19
32 67 -9.5420778084966e-04
35 67  7.5825110561707e-04
37 67  2.6144805505688e-04
38 67 -1.3877787807815e-19
42 67 -8.1043722395045e-04
65 67 -1.8242867521111e-04
67 67  1.1850931919099e-02
70 67  7.5825110561707e-04
72 67 -1.0372670230539e-03
73 67  1.8242867521111e-04
77 67 -8.1043722395050e-04
123 67 -6.2666885569662e-19
125 67 -9.5420778084964e-04
127 67  2.6144805505690e-04
128 67  6.7654215563096e-19
64 68  1.3072402743173e-04
65 68 -1.1980879762897e-05
66 68 -2.2222222232972e-04
68 68  2.0042626001352e-03
69 68 -1.7777777779371e-03
71 68  9.1498194832311e-05
73 68  1.1980879741006e-05
76 68 -2.2648482097227e-04
122 68  1.3072402743169e-04
123 68  1.1980879762898e-05
124 68 -2.2222222232968e-04
126 68  9.1498194832329e-05
128 68 -1.1980879741006e-05
64 69 -2.2222222232970e-04
65 69 -9.5847038015615e-05
66 69  3.1380666128089e-04
68 69 -1.7777777779371e-03
69 69  1.7845979371344e-02
71 69 -8.1043722393692e-04
73 69 -1.4377055697964e-04
76 69 -2.6496162736728e-03
122 69 -2.2222222232970e-04
123 69  9.5847038015615e-05
124 69  3.1380666128069e-04
126 69 -8.1043722393698e-04
128 69  1.4377055697964e-04
65 70 -1.8242867521111e-04
67 70  7.5825110561707e-04
70 70  2.1401534926034e-02
72 70 -8.1043722395045e-04
73 70  1.8242867521111e-04
77 70 -2.6496162737810e-03
123 70 -1.8242867521111e-04
125 70  7.5825110561682e-04
127 70 -8.1043722395052e-04
128 70  1.8242867521111e-04
24 71 -9.8064581800035e-06
30 71 -2.9952199352516e-06
31 71  2.6144805505012e-04
33 71  9.1498194832311e-05
34 71 -8.1043722393691e-04
36 71 -1.1187828641155e-03
38 71 -5.3543461108282e-05
39 71  5.9392492176857e-04
41 71  1.2142332896200e-03
43 71 -1.4237299856763e-03
45 71 -5.3921939508153e-05
47 71  2.0156335460424e-06
50 71  2.7415915519091e-04
64 71 -1.8512768895843e-04
65 71 -1.6263032587283e-19
66 71 -1.0372670229998e-03
68 71  9.1498194832311e-05
69 71 -8.1043722393692e-04
71 71  1.2702481854497e-02
73 71 -8.6736173798840e-19
74 71 -3.8865055196381e-03
76 71  1.2142332896204e-03
78 71 -1.4237299856764e-03
80 71 -1.7844716324172e-04
82 71  4.3368086899420e-19
85 71  2.7415915519095e-04
113 71  5.9392492176854e-04
115 71 -5.3921939508160e-05
117 71 -2.0156335460423e-06
122 71 -9.8064581800011e-06
123 71  2.9952199352517e-06
124 71  2.6144805505010e-04
126 71 -1.1187828641155e-03
128 71  5.3543461108282e-05
30 72  3.4694469519536e-20
32 72  2.6144805505689e-04
35 72 -8.1043722395045e-04
37 72 -1.1631501267259e-03
38 72 -3.2146594414194e-19
40 72  5.8513503319351e-04
42 72  1.3029678148409e-03
44 72 -1.4061502085262e-03
46 72 -5.0517287524535e-05
47 72  3.1658703436577e-19
51 72  2.6734985122367e-04
65 72 -9.1214337588890e-05
67 72 -1.0372670230539e-03
70 72 -8.1043722395045e-04
72 72  1.3057419955380e-02
73 72  5.5485130379118e-15
75 72 -3.8161864110376e-03
77 72  1.3029678148413e-03
79 72 -1.4061502085262e-03
81 72 -2.0568437911067e-04
82 72  9.1214337583333e-05
86 72  2.6734985122371e-04
114 72  5.8513503319348e-04
116 72 -5.0517287524542e-05
117 72  7.5460471204991e-19
123 72 -5.2475385148298e-19
125 72  2.6144805505687e-04
127 72 -1.1631501267259e-03
128 72  8.7766165862699e-19
24 73 -2.9952199352515e-06
31 73  3.5942639244910e-05
32 73 -2.4286128663675e-19
33 73 -1.1980879741006e-05
34 73  1.4377055697964e-04
35 73  1.8242867521111e-04
36 73  5.3543461108282e-05
37 73 -5.8059026336598e-19
39 73  6.5266764647344e-05
40 73  5.9197438617709e-19
41 73  2.1417384443313e-04
42 73  5.5632581874576e-15
43 73  2.6106705858937e-04
44 73 -5.1451004255554e-04
45 73  2.0156335460424e-06
46 73 -1.3877787807815e-19
50 73  8.0625341841686e-06
51 73 -1.6604068369445e-04
64 73  5.4210108624275e-20
67 73  1.8242867521111e-04
68 73  1.1980879741006e-05
69 73 -1.4377055697964e-04
70 73  1.8242867521111e-04
71 73 -8.6736173798840e-19
72 73  5.5485130379118e-15
73 73  0.0000000000000e+00
74 73 -1.7347234759768e-18
75 73 -5.1451004255556e-04
76 73 -2.1417384443313e-04
77 73  5.5528498466018e-15
78 73 -2.6106705858937e-04
79 73 -5.1451004255555e-04
80 73  4.3368086899420e-19
81 73 -1.6604068369444e-04
85 73 -8.0625341841683e-06
86 73 -1.6604068369445e-04
113 73 -6.5266764647345e-05
114 73  3.3350058825654e-18
115 73 -2.0156335460425e-06
116 73  4.7271214720368e-19
122 73  2.9952199352515e-06
124 73 -3.5942639244910e-05
125 73 -1.5439038936194e-18
126 73 -5.3543461108282e-05
127 73  3.7188134516254e-19
36 74  5.9392492176857e-04
38 74 -6.5266764647345e-05
39 74 -2.1932732415275e-03
41 74 -1.4237299856764e-03
43 74  1.7255020642611e-03
45 74  7.6777193888580e-04
47 74 -7.3329298831514e-05
50 74 -1.9649248403308e-03
71 74 -3.8865055196381e-03
73 74 -1.7347234759768e-18
74 74  2.7303348801132e-02
76 74 -1.4237299856765e-03
78 74  1.7255020642611e-03
80 74 -4.5677786483692e-03
82 74 -1.7347234759768e-18
85 74 -1.9649248403310e-03
113 74 -2.1932732415275e-03
115 74  7.6777193888585e-04
117 74  7.3329298831513e-05
126 74  5.9392492176861e-04
128 74  6.5266764647345e-05
37 75  5.8513503319351e-04
38 75 -6.2233204700668e-19
40 75 -2.2454433464751e-03
42 75 -1.4061502085263e-03
44 75  1.8298422741563e-03
46 75  7.6294321952639e-04
47 75 -1.1969591984240e-18
51 75 -1.9552674016120e-03
72 75 -3.8161864110376e-03
73 75 -5.1451004255556e-04
75 75  2.7720709640713e-02
77 75 -1.4061502085264e-03
79 75  1.8298422741563e-03
81 75 -4.5291488934939e-03
82 75  5.1451004255556e-04
86 75 -1.9552674016122e-03
114 75 -2.2454433464751e-03
116 75  7.6294321952644e-04
117 75  1.6132928326584e-18
127 75  5.8513503319355e-04
128 75 -1.8409752888804e-18
64 76  9.1498194832318e-05
65 76 -1.1980879741006e-05
66 76 -8.1043722393696e-04
68 76 -2.2648482097227e-04
69 76 -2.6496162736728e-03
71 76  1.2142332896204e-03
73 76 -2.1417384443313e-04
74 76 -1.4237299856765e-03
76 76  2.3358298831772e-02
78 76 -8.2447713235546e-03
80 76  2.7415915519096e-04
82 76  8.0625341841689e-06
85 76 -2.4263774134260e-05
113 76 -1.4237299856762e-03
115 76  2.7415915519095e-04
117 76 -8.0625341841688e-06
122 76  9.1498194832302e-05
123 76  1.1980879741006e-05
124 76 -8.1043722393683e-04
126 76  1.2142332896198e-03
128 76  2.1417384443313e-04
65 77 -9.1214337588890e-05
67 77 -8.1043722395050e-04
70 77 -2.6496162737810e-03
72 77  1.3029678148413e-03
73 77  5.5528498466018e-15
75 77 -1.4061502085264e-03
77 77  2.4068175033539e-02
79 77 -8.1041331063536e-03
81 77  2.6734985122372e-04
82 77  9.1214337583332e-05
86 77 -7.8738205872161e-05
114 77 -1.4061502085261e-03
116 77  2.6734985122371e-04
117 77  9.1214337583328e-05
123 77 -9.1214337588887e-05
125 77 -8.1043722395036e-04
127 77  1.3029678148407e-03
128 77  5.5493803996498e-15
71 78 -1.4237299856764e-03
73 78 -2.6106705858937e-04
74 78  1.7255020642611e-03
76 78 -8.2447713235546e-03
78 78  4.9284608764675e-02
80 78 -1.9649248403309e-03
82 78 -2.9331719532605e-04
85 78 -9.9943192218562e-03
113 78  1.7255020642606e-03
115 78 -1.9649248403310e-03
117 78  2.9331719532605e-04
126 78 -1.4237299856764e-03
128 78  2.6106705858937e-04
72 79 -1.4061502085262e-03
73 79 -5.1451004255555e-04
75 79  1.8298422741563e-03
77 79 -8.1041331063536e-03
79 79  5.0119330443836e-02
81 79 -1.9552674016121e-03
82 79  5.1451004255556e-04
86 79 -9.9170597121057e-03
114 79  1.8298422741558e-03
116 79 -1.9552674016122e-03
117 79  5.1451004255555e-04
127 79 -1.4061502085263e-03
128 79 -5.1451004255555e-04
36 80 -5.3921939508156e-05
38 80 -2.0156335460425e-06
39 80  7.6777193888581e-04
41 80  2.7415915519093e-04
43 80 -1.9649248403308e-03
45 80 -2.3017506848014e-03
